0.513703 0.00126177 0.199663 
0.540546 0.00207068 0.193427 
0.579259 0.00172088 0.176271 
0.612266 0.00314178 0.157284 
0.641418 0.00682621 0.138887 
0.665942 0.00522051 0.115731 
0.675573 0.00757848 0.102263 
0.667033 -0.00272459 0.0997441 
0.647934 -0.0235775 0.10193 
0.628547 -0.0557801 0.100424 
0.610436 -0.0860074 0.0982694 
0.59163 -0.117829 0.0885423 
0.578123 -0.148035 0.0696661 
0.569714 -0.169777 0.0572204 
0.560128 -0.190085 0.0432355 
0.550533 -0.214301 0.0169212 
0.546747 -0.225412 -0.00386195 
0.545806 -0.231466 -0.0257026 
0.545716 -0.234155 -0.0435061 
0.545582 -0.230679 -0.0603141 
0.541412 -0.236022 -0.0704391 
0.542965 -0.229114 -0.0596533 
0.546542 -0.23083 -0.0325814 
0.546461 -0.228523 -0.0160415 
0.551767 -0.218429 0.000211212 
0.562624 -0.202011 0.0153959 
0.576178 -0.173387 0.0259973 
0.591426 -0.139609 0.0374374 
0.609372 -0.0987142 0.0501044 
0.623536 -0.0598741 0.0557744 
0.633586 -0.0272733 0.0566259 
0.63947 -0.00510514 0.0580164 
0.648139 0.0273786 0.0564914 
0.658042 0.0556634 0.0518334 
0.668135 0.0812996 0.041462 
0.676829 0.106391 0.0270232 
0.680089 0.124209 0.0157165 
0.681982 0.137913 0.00293497 
0.682868 0.149558 -0.0137094 
0.682156 0.157544 -0.0365516 
0.684573 0.168009 -0.0522376 
0.686844 0.180323 -0.0586636 
0.688002 0.192017 -0.0609074 
0.678056 0.182055 -0.0507903 
0.676642 0.180894 -0.0226201 
0.673153 0.172866 0.0101778 
0.67125 0.164471 0.049816 
0.670555 0.144897 0.0803122 
0.665377 0.110171 0.1095 
0.648387 0.0665043 0.124966 
0.627652 0.0267868 0.13777 
0.601327 0.00156794 0.153055 
0.579326 -0.00732603 0.155819 
0.553507 -0.0122135 0.159139 
0.53875 -0.0150815 0.15673 
0.528696 -0.0161794 0.150818 
