-0.203595 0.511899 0.302352 2.26883 -3.12228 1.19721 2.98802 
-0.196917 0.54508 0.293771 2.18994 -3.1614 1.09525 2.9999 
-0.19568 0.611285 0.301389 2.08366 -3.1643 1.00338 2.98093 
-0.189194 0.674987 0.305011 1.99248 -3.17132 0.944223 2.96654 
-0.178012 0.731881 0.305846 1.90611 -3.17488 0.871037 2.95287 
-0.171021 0.787613 0.296412 1.83174 -3.19384 0.78549 2.95913 
-0.173944 0.818781 0.309881 1.80453 -3.21115 0.769676 2.95945 
-0.17418 0.813011 0.295827 1.84301 -3.08462 0.863791 2.89471 
-0.187252 0.78976 0.26571 1.91214 -3.03109 0.97018 2.89983 
-0.236024 0.774289 0.263003 1.97324 -2.98088 1.02357 2.89016 
-0.25958 0.759122 0.2275 2.02111 -2.8855 1.05589 2.88469 
-0.313204 0.7638 0.227247 2.07091 -2.85371 1.11635 2.88704 
-0.356796 0.786902 0.218086 2.09816 -2.79916 1.13485 2.88042 
-0.373693 0.803142 0.18966 2.10764 -2.75159 1.14451 2.883 
-0.407174 0.822802 0.186955 2.11919 -2.72298 1.1436 2.87346 
-0.441352 0.861746 0.170527 2.12334 -2.7161 1.10572 2.86368 
-0.468043 0.896401 0.174803 2.12393 -2.76109 1.0903 2.87015 
-0.489646 0.937503 0.187283 2.12149 -2.81189 1.11156 2.88038 
-0.49985 0.974119 0.191548 2.12062 -2.86512 1.16778 2.92033 
-0.489369 1.0035 0.193983 2.11769 -2.79136 1.18229 2.90939 
-0.494622 1.01728 0.184331 2.1178 -2.78306 1.15417 2.91483 
-0.491953 1.00237 0.195683 2.12998 -2.81935 1.19964 2.92833 
-0.491327 0.953177 0.187188 2.12359 -2.86005 1.15203 2.91934 
-0.490805 0.919053 0.189552 2.12505 -2.85965 1.08715 2.89652 
-0.471598 0.891613 0.190528 2.12134 -2.85071 1.07977 2.89296 
-0.44465 0.87137 0.198194 2.10822 -2.86419 1.09478 2.8971 
-0.41129 0.860392 0.226345 2.09596 -2.88859 1.10401 2.89178 
-0.362667 0.847486 0.243789 2.07412 -2.90323 1.08587 2.87968 
-0.316661 0.839866 0.276335 2.04125 -2.97811 1.0727 2.88276 
-0.256184 0.840084 0.284148 2.00908 -2.98825 1.05783 2.87691 
-0.20283 0.845402 0.283491 1.98207 -2.99712 1.03849 2.87499 
-0.167959 0.847583 0.28379 1.96281 -3.00381 1.01822 2.87265 
-0.109478 0.857693 0.278945 1.93014 -2.95306 1.00668 2.84655 
-0.0759578 0.874152 0.292718 1.8875 -2.96887 0.931953 2.83188 
-0.0501302 0.903872 0.310866 1.84453 -3.00573 0.895527 2.82716 
-0.0252434 0.938878 0.328988 1.80228 -3.03646 0.854777 2.81652 
0.011637 0.958039 0.313061 1.77918 -3.00323 0.831034 2.8042 
0.0190454 0.983606 0.331142 1.76292 -3.04059 0.810606 2.80157 
0.0524179 1.0066 0.304244 1.7493 -3.01081 0.798827 2.79285 
0.109703 1.03279 0.234508 1.7407 -2.90027 0.8127 2.77919 
0.145488 1.05954 0.207187 1.71743 -2.81088 0.834903 2.76496 
0.167013 1.07219 0.204143 1.69066 -2.74248 0.798203 2.72582 
0.181803 1.07814 0.206253 1.67101 -2.72293 0.759789 2.70429 
0.168848 1.05467 0.202962 1.72915 -2.81825 0.845385 2.7685 
0.152227 1.00987 0.218326 1.74063 -2.90598 0.793507 2.78652 
0.130678 0.958298 0.224977 1.76472 -3.02402 0.802813 2.86038 
0.113274 0.899868 0.229654 1.77418 -3.07536 0.816636 2.90119 
0.0832661 0.852489 0.229697 1.78185 -3.09866 0.812281 2.92868 
0.0290326 0.802153 0.234607 1.81093 -3.11099 0.84638 2.94686 
0.00720871 0.752062 0.171935 1.8839 -3.0255 0.924033 2.95403 
-0.0530892 0.709975 0.165944 1.95855 -3.05632 0.990909 2.98707 
-0.103773 0.661492 0.180627 2.03745 -3.04427 1.05062 2.98576 
-0.12529 0.633691 0.18505 2.10613 -3.05877 1.07714 2.99697 
-0.151936 0.607799 0.207803 2.18809 -3.06771 1.16446 2.99683 
-0.158814 0.601788 0.213515 2.23885 -3.0388 1.2395 2.98968 
-0.16121 0.602385 0.215215 2.27529 -3.02355 1.2618 2.98828 
