0.496571 -0.0104536 0.195883 
0.486106 -0.0178359 0.198819 
0.475668 -0.0223351 0.203363 
0.465393 -0.0250306 0.209216 
0.454247 -0.0313929 0.206058 
0.435572 -0.0471122 0.199374 
0.438597 -0.0379131 0.207616 
0.495268 0.0357564 0.174909 
0.50076 0.0277077 0.158746 
0.478228 -0.0207415 0.166325 
0.43512 -0.0654345 0.181315 
0.417975 -0.0790423 0.181403 
0.418505 -0.0681976 0.178769 
0.441231 -0.0408013 0.181787 
0.472741 -0.0072065 0.172764 
0.479919 0.00459558 0.164818 
0.464361 -0.0187438 0.168464 
0.435006 -0.0481799 0.179113 
0.416097 -0.063762 0.186142 
0.423846 -0.0533706 0.182409 
0.44676 -0.0355997 0.17163 
0.43672 -0.0424516 0.173458 
0.435062 -0.0425309 0.181022 
0.428824 -0.0395739 0.186466 
0.422979 -0.0384858 0.176459 
0.422099 -0.0376826 0.166436 
0.423345 -0.0326156 0.15621 
0.426306 -0.0315176 0.147451 
0.41539 -0.0376184 0.117577 
0.434972 -0.0167638 0.151415 
0.423296 -0.023947 0.144099 
0.419775 -0.0265574 0.149002 
0.409242 -0.0336986 0.145218 
0.39726 -0.044217 0.139972 
0.400913 -0.039796 0.156185 
