-0.105535 0.511508 0.175743 2.32926 -2.84503 1.45799 2.99892 
-0.123603 0.510905 0.205526 2.35158 -2.71015 1.59114 2.99016 
0.325482 0.534055 -0.460882 2.36462 -2.58916 1.51095 -2.9912 
0.33448 0.520729 -0.470745 2.38178 -2.52429 1.54571 -2.99425 
0.36479 0.524524 -0.52579 2.4091 -2.45759 1.50779 -2.99354 
0.340829 0.533138 -0.53381 2.4599 -2.36301 1.5713 -2.99339 
0.590925 0.677647 -1.00202 2.46424 -2.55841 1.59303 -2.71997 
0.523823 0.6587 -0.825235 2.33393 -3.7411 1.59029 -2.57982 
0.502568 0.685138 -0.829494 2.32537 -3.82197 1.51799 -2.52168 
0.497596 0.685737 -0.870192 2.4227 -3.19776 1.46974 -2.62198 
0.51682 0.747565 -1.00675 2.49513 -2.51606 1.59666 -2.5844 
0.515614 0.737023 -1.00939 2.49962 -2.2555 1.43197 -2.71971 
0.558416 0.738815 -1.01525 2.47947 -2.11427 1.30118 -2.83546 
0.605086 0.728366 -1.01332 2.46257 -2.43023 1.33733 -2.72381 
0.605954 0.709376 -1.00435 2.4265 -3.20201 1.35234 -2.54243 
0.607286 0.712491 -1.00432 2.40439 -3.44728 1.31419 -2.4842 
0.60238 0.733243 -1.04039 2.45548 -3.14588 1.36558 -2.51925 
0.594085 0.752264 -1.09099 2.51245 -2.73629 1.41903 -2.528 
0.566209 0.751252 -1.0992 2.54496 -2.56447 1.51161 -2.53695 
0.5967 0.744629 -1.09678 2.52912 -2.6268 1.39568 -2.55918 
0.591403 0.718197 -1.0841 2.4952 -3.2018 1.31175 -2.51004 
0.591038 0.738911 -1.09345 2.52477 -2.98537 1.39518 -2.50775 
0.579028 0.745154 -1.08045 2.52795 -2.86907 1.57621 -2.4888 
0.630315 1.29407 -1.83172 2.54223 -2.89626 1.59599 -1.67651 
0.639508 1.37362 -1.8919 2.55162 -2.86399 1.32695 -1.68125 
0.652288 1.37102 -1.86493 2.56202 -2.89874 1.27269 -1.68341 
0.66764 1.3882 -1.85247 2.56566 -2.90659 1.21954 -1.68325 
0.695011 1.36447 -1.83191 2.55529 -3.10581 1.08381 -1.67954 
0.665944 1.39316 -1.76475 2.61992 -3.03663 1.16973 -1.67636 
0.73258 1.37522 -1.8484 2.52149 -3.1148 1.01152 -1.67573 
0.671731 1.32222 -1.81125 2.60908 -3.2613 1.52355 -1.6653 
0.679471 1.35716 -1.82216 2.59862 -3.02716 1.33607 -1.66856 
0.675873 1.38436 -1.84936 2.60913 -3.02304 1.13449 -1.69693 
0.656122 1.37901 -1.8548 2.63702 -3.11272 1.06748 -1.70321 
0.638759 1.33459 -1.85949 2.64943 -3.1157 1.41055 -1.7076 
